Date	Tmax
0101	28.666666666666668
0102	28.75
0103	28.0
0104	27.899999999999995
0105	27.733333333333334
0106	27.46666666666667
0107	27.96666666666667
0108	27.400000000000002
0109	28.433333333333334
0110	28.399999999999995
0111	28.5
0112	28.833333333333332
0113	27.933333333333334
0114	27.333333333333332
0115	27.633333333333336
0116	28.5
0117	28.566666666666666
0118	28.3
0119	28.8
0120	28.733333333333334
0121	29.433333333333334
0122	29.333333333333332
0123	28.900000000000002
0124	27.8
0125	28.099999999999998
0126	28.8
0127	29.6
0128	29.666666666666668
0129	30.133333333333336
0130	30.03333333333333
0131	30.333333333333332
0201	30.366666666666664
0202	29.933333333333334
0203	29.96666666666667
0204	29.933333333333334
0205	29.833333333333332
0206	29.666666666666668
0207	29.46666666666667
0208	30.2
0209	30.933333333333334
0210	30.73333333333333
0211	31.166666666666668
0212	31.066666666666666
0213	31.233333333333334
0214	31.866666666666664
0215	32.13333333333333
0216	31.3
0217	31.96666666666667
0218	32.4
0219	32.6
0220	32.1
0221	32.199999999999996
0222	32.766666666666666
0223	31.866666666666664
0224	32.26666666666667
0225	33.13333333333333
0226	34.6
0227	33.1
0228	33.199999999999996
0301	34.45
0302	33.166666666666664
0303	33.00000000000001
0304	33.9
0305	34.13333333333333
0306	34.4
0307	34.699999999999996
0308	34.3
0309	32.55
0310	31.566666666666666
0311	32.699999999999996
0312	32.93333333333334
0313	33.23333333333333
0314	33.400000000000006
0315	33.56666666666667
0316	33.43333333333334
0317	33.46666666666667
0318	32.6
0319	33.56666666666666
0320	35.0
0321	34.53333333333333
0322	34.56666666666666
0323	34.266666666666666
0324	32.96666666666667
0325	33.36666666666667
0326	33.800000000000004
0327	33.86666666666667
0328	34.26666666666667
0329	34.266666666666666
0330	34.43333333333333
0331	31.5
0401	34.8
0402	35.36666666666667
0403	35.23333333333333
0404	35.06666666666667
0405	35.0
0406	35.5
0407	34.86666666666667
0408	33.93333333333333
0409	35.099999999999994
0410	34.86666666666667
0411	35.16666666666667
0412	34.800000000000004
0413	35.36666666666667
0414	34.73333333333333
0415	34.733333333333334
0416	34.36666666666667
0417	34.36666666666667
0418	34.8
0419	34.06666666666666
0420	34.1
0421	33.5
0422	32.833333333333336
0423	32.3
0424	32.53333333333333
0425	32.333333333333336
0426	32.833333333333336
0427	33.86666666666667
0428	33.666666666666664
0429	33.63333333333333
0430	33.1
0501	32.26666666666667
0502	33.43333333333334
0503	33.800000000000004
0504	33.6
0505	32.03333333333333
0506	34.36666666666667
0507	34.63333333333333
0508	34.4
0509	33.6
0510	34.4
0511	34.666666666666664
0512	35.1
0513	33.8
0514	33.733333333333334
0515	34.666666666666664
0516	33.23333333333333
0517	34.0
0518	32.166666666666664
0519	29.933333333333334
0520	29.399999999999995
0521	30.566666666666666
0522	30.76666666666667
0523	31.899999999999995
0524	31.866666666666664
0525	31.566666666666663
0526	31.7
0527	32.166666666666664
0528	32.4
0529	32.5
0530	32.800000000000004
0531	31.766666666666666
0601	31.433333333333334
0602	31.599999999999998
0603	30.76666666666667
0604	30.900000000000002
0605	29.73333333333333
0606	28.266666666666666
0607	28.366666666666664
0608	29.833333333333332
0609	30.35
0610	29.5
0611	28.15
0612	27.200000000000003
0613	28.2
0614	28.566666666666666
0615	28.566666666666663
0616	29.633333333333336
0617	28.45
0618	29.566666666666666
0619	29.899999999999995
0620	30.099999999999998
0621	29.900000000000002
0622	30.733333333333334
0623	30.46666666666667
0624	29.400000000000002
0625	28.966666666666665
0626	29.5
0627	29.066666666666666
0628	30.0
0629	31.666666666666668
0630	30.03333333333333
0701	29.2
0702	27.7
0703	28.133333333333336
0704	28.399999999999995
0705	28.0
0706	27.833333333333332
0707	26.733333333333334
0708	28.03333333333333
0709	28.666666666666668
0710	29.066666666666666
0711	28.96666666666667
0712	28.433333333333334
0713	28.266666666666666
0714	27.766666666666666
0715	27.733333333333334
0716	27.633333333333336
0717	27.0
0718	28.099999999999998
0719	28.03333333333333
0720	27.433333333333337
0721	27.166666666666668
0722	26.900000000000002
0723	28.0
0724	27.266666666666666
0725	28.566666666666663
0726	28.5
0727	28.666666666666668
0728	27.86666666666667
0729	28.03333333333333
0730	28.7
0731	27.633333333333336
0801	28.133333333333336
0802	28.46666666666667
0803	27.566666666666666
0804	27.433333333333337
0805	28.366666666666664
0806	28.799999999999997
0807	28.366666666666664
0808	28.666666666666668
0809	29.066666666666666
0810	28.8
0811	28.5
0812	29.799999999999997
0813	28.933333333333334
0814	29.2
0815	28.0
0816	28.96666666666667
0817	26.733333333333334
0818	27.933333333333334
0819	27.866666666666664
0820	28.233333333333334
0821	28.200000000000003
0822	27.233333333333334
0823	27.5
0824	26.866666666666664
0825	25.5
0826	26.7
0827	28.366666666666664
0828	28.266666666666666
0829	28.2
0830	27.833333333333332
0831	27.233333333333334
0901	27.7
0902	26.53333333333333
0903	26.73333333333333
0904	27.26666666666667
0905	27.26666666666667
0906	27.2
0907	27.15
0908	27.3
0909	28.266666666666666
0910	29.066666666666663
0911	28.633333333333336
0912	28.0
0913	29.3
0914	27.599999999999998
0915	27.900000000000002
0916	27.333333333333332
0917	28.366666666666664
0918	27.366666666666664
0919	28.2
0920	28.46666666666667
0921	28.400000000000002
0922	29.133333333333336
0923	30.366666666666664
0924	29.9
0925	29.866666666666664
0926	29.433333333333337
0927	28.833333333333332
0928	29.133333333333336
0929	28.96666666666667
0930	30.1
1001	27.633333333333336
1002	27.900000000000002
1003	28.599999999999998
1004	28.53333333333333
1005	29.599999999999998
1006	29.5
1007	28.76666666666667
1008	29.46666666666667
1009	30.3
1010	30.133333333333336
1011	28.933333333333334
1012	28.333333333333332
1013	28.73333333333333
1014	29.166666666666668
1015	28.833333333333332
1016	29.7
1017	29.433333333333334
1018	29.866666666666664
1019	30.433333333333334
1020	29.866666666666664
1021	30.03333333333333
1022	29.566666666666663
1023	29.066666666666666
1024	29.2
1025	29.5
1026	28.233333333333334
1027	27.7
1028	29.333333333333332
1029	27.5
1030	28.066666666666666
1031	27.766666666666666
1101	27.766666666666666
1102	27.933333333333334
1103	26.566666666666666
1104	27.566666666666666
1105	27.799999999999997
1106	27.266666666666666
1107	24.2
1108	24.900000000000002
1109	26.433333333333334
1110	28.3
1111	28.8
1112	29.2
1113	29.0
1114	27.633333333333336
1115	26.533333333333335
1116	27.666666666666668
1117	26.46666666666667
1118	27.0
1119	28.099999999999998
1120	28.600000000000005
1121	28.066666666666666
1122	28.03333333333333
1123	28.066666666666666
1124	27.333333333333332
1125	27.133333333333336
1126	26.03333333333333
1127	25.066666666666666
1128	25.900000000000002
1129	26.900000000000002
1130	27.46666666666667
1201	26.400000000000002
1202	27.266666666666666
1203	27.53333333333333
1204	27.733333333333334
1205	27.333333333333332
1206	26.633333333333336
1207	26.566666666666666
1208	27.566666666666666
1209	27.96666666666667
1210	28.63333333333333
1211	28.333333333333332
1212	27.53333333333333
1213	28.0
1214	29.0
1215	28.03333333333333
1216	26.099999999999998
1217	24.966666666666665
1218	26.8
1219	26.833333333333332
1220	26.666666666666668
1221	25.633333333333336
1222	28.166666666666668
1223	27.46666666666667
1224	28.266666666666666
1225	27.933333333333334
1226	28.666666666666668
1227	28.066666666666666
1228	27.2
1229	27.899999999999995
1230	28.133333333333336
1231	26.566666666666666
