Date	Tmax
0101	29.939999999999998
0102	30.675
0103	30.440000000000005
0104	30.48
0105	30.32
0106	30.46
0107	29.82
0108	29.175
0109	30.2
0110	30.85
0111	31.04
0112	30.775
0113	30.65
0114	30.339999999999996
0115	29.924999999999997
0116	30.074999999999996
0117	30.825
0118	30.72
0119	30.259999999999998
0120	30.366666666666664
0121	30.340000000000003
0122	30.575000000000003
0123	30.439999999999998
0124	30.1
0125	30.28
0126	30.659999999999997
0127	30.679999999999996
0128	30.76
0129	30.78
0130	31.46
0131	30.919999999999998
0201	30.48
0202	30.68
0203	30.940000000000005
0204	30.96
0205	30.75
0206	31.060000000000002
0207	31.339999999999996
0208	31.54
0209	30.939999999999998
0210	31.159999999999997
0211	31.424999999999997
0212	31.660000000000004
0213	32.10000000000001
0214	32.08
0215	31.8
0216	32.160000000000004
0217	32.06
0218	31.959999999999997
0219	31.880000000000003
0220	32.0
0221	32.54
0222	32.44
0223	33.02
0224	33.3
0225	33.720000000000006
0226	33.72
0227	32.900000000000006
0228	33.575
0229	36.1
0301	34.56
0302	34.24
0303	33.56
0304	34.04
0305	34.3
0306	34.36
0307	34.72
0308	35.075
0309	35.375
0310	34.9
0311	34.220000000000006
0312	33.88
0313	33.519999999999996
0314	34.0
0315	34.0
0316	33.8
0317	33.96
0318	33.96
0319	34.46
0320	34.5
0321	35.14999999999999
0322	36.15
0323	35.54
0324	34.86
0325	35.025000000000006
0326	34.62
0327	35.14
0328	35.12
0329	35.44
0330	36.275
0331	36.5
0401	36.275
0402	36.275
0403	35.64
0404	36.0
0405	37.08
0406	37.1
0407	36.15
0408	35.92
0409	35.6
0410	35.940000000000005
0411	35.68000000000001
0412	36.08
0413	35.980000000000004
0414	36.56
0415	35.974999999999994
0416	37.58
0417	37.125
0418	37.475
0419	37.459999999999994
0420	37.074999999999996
0421	37.14
0422	37.08
0423	36.1
0424	36.17999999999999
0425	36.02
0426	35.98
0427	35.36666666666667
0428	36.4
0429	37.480000000000004
0430	36.949999999999996
0501	35.6
0502	37.540000000000006
0503	38.45
0504	39.019999999999996
0505	39.125
0506	39.650000000000006
0507	38.88
0508	39.13333333333333
0509	38.8
0510	39.14
0511	39.6
0512	39.1
0513	39.5
0514	38.9
0515	38.559999999999995
0516	38.15
0517	39.9
0518	39.0
0519	39.7
0520	37.775
0521	38.55
0522	39.575
0523	40.660000000000004
0524	39.98
0525	40.7
0526	40.3
0527	41.519999999999996
0528	40.6
0529	40.78
0530	39.98
0531	39.72
0601	38.7
0602	39.7
0603	39.720000000000006
0604	39.760000000000005
0605	39.18
0606	37.760000000000005
0607	38.379999999999995
0608	38.675
0609	39.9
0610	37.025
0611	35.975
0612	37.233333333333334
0613	37.275
0614	38.08
0615	38.519999999999996
0616	37.7
0617	37.3
0618	38.06
0619	38.54
0620	39.019999999999996
0621	38.0
0622	39.08
0623	39.34
0624	38.3
0625	39.25
0626	37.98
0627	37.5
0628	37.28
0629	37.8
0630	38.08
0701	37.49999999999999
0702	36.66
0703	36.839999999999996
0704	36.260000000000005
0705	35.67999999999999
0706	35.64
0707	35.32
0708	34.2
0709	35.3
0710	36.21999999999999
0711	36.78
0712	36.88
0713	36.599999999999994
0714	36.54
0715	35.72
0716	36.2
0717	35.82
0718	36.1
0719	36.400000000000006
0720	34.56
0721	34.720000000000006
0722	35.7
0723	35.800000000000004
0724	34.92
0725	35.52
0726	36.125
0727	35.8
0728	35.260000000000005
0729	35.6
0730	36.3
0731	35.260000000000005
0801	35.64
0802	37.025
0803	35.839999999999996
0804	35.720000000000006
0805	35.974999999999994
0806	35.54
0807	36.699999999999996
0808	37.0
0809	36.68
0810	36.14
0811	35.14
0812	34.88
0813	35.474999999999994
0814	35.68
0815	32.86
0816	34.08
0817	33.660000000000004
0818	33.68
0819	35.1
0820	34.44
0821	34.220000000000006
0822	34.120000000000005
0823	34.68
0824	33.98
0825	35.55
0826	35.54
0827	34.775
0828	35.019999999999996
0829	34.9
0830	34.72
0831	33.480000000000004
0901	34.120000000000005
0902	34.559999999999995
0903	33.76666666666667
0904	34.5
0905	35.18
0906	35.06
0907	35.48
0908	34.1
0909	33.96666666666667
0910	34.474999999999994
0911	34.46
0912	35.13333333333333
0913	34.075
0914	33.025
0915	34.525
0916	34.625
0917	34.05
0918	34.45
0919	35.150000000000006
0920	34.400000000000006
0921	34.14
0922	35.23333333333333
0923	35.35
0924	35.8
0925	35.4
0926	35.06666666666667
0927	35.5
0928	34.675
0929	34.53333333333334
0930	33.94
1001	33.95
1002	34.5
1003	34.575
1004	34.575
1005	34.825
1006	34.45
1007	34.625
1008	35.35
1009	35.5
1010	35.22
1011	34.739999999999995
1012	34.800000000000004
1013	34.58
1014	35.025
1015	35.0
1016	34.775
1017	33.974999999999994
1018	33.0
1019	33.22
1020	32.7
1021	31.725
1022	32.839999999999996
1023	33.849999999999994
1024	32.625
1025	32.625
1026	32.599999999999994
1027	32.575
1028	32.220000000000006
1029	31.5
1030	31.766666666666666
1031	30.575000000000003
1101	31.04
1102	32.3
1103	32.279999999999994
1104	31.619999999999997
1105	31.28
1106	31.575000000000003
1107	32.03333333333333
1108	31.26
1109	31.075
1110	30.9
1111	31.080000000000002
1112	31.860000000000003
1113	31.75
1114	31.360000000000003
1115	29.98
1116	30.5
1117	30.82
1118	30.8
1119	31.72
1120	31.340000000000003
1121	31.839999999999996
1122	32.12
1123	31.52
1124	31.46
1125	30.775000000000002
1126	31.150000000000002
1127	30.6
1128	30.559999999999995
1129	30.48
1130	30.82
1201	30.74
1202	30.0
1203	30.22
1204	30.625
1205	29.650000000000002
1206	30.275
1207	30.020000000000003
1208	30.24
1209	31.48
1210	31.82
1211	31.340000000000003
1212	31.4
1213	30.880000000000003
1214	30.560000000000002
1215	29.2
1216	29.619999999999997
1217	29.65
1218	29.439999999999998
1219	29.580000000000002
1220	29.479999999999997
1221	29.45
1222	29.625
1223	29.5
1224	29.46
1225	29.5
1226	29.559999999999995
1227	29.72
1228	29.9
1229	29.360000000000003
1230	28.76
1231	30.02
