Date	Tmax
0101	32.019999999999996
0102	32.0
0103	32.519999999999996
0104	32.8
0105	32.660000000000004
0106	32.620000000000005
0107	32.339999999999996
0108	32.459999999999994
0109	33.160000000000004
0110	33.86
0111	33.54
0112	33.82000000000001
0113	33.81999999999999
0114	34.1
0115	33.48
0116	34.62
0117	33.26
0118	32.824999999999996
0119	32.44
0120	32.67999999999999
0121	33.44
0122	34.04
0123	33.8
0124	32.760000000000005
0125	33.26
0126	33.42
0127	33.3
0128	32.575
0129	32.440000000000005
0130	32.56
0131	34.22
0201	34.2
0202	33.71999999999999
0203	33.160000000000004
0204	32.72
0205	33.120000000000005
0206	33.36
0207	33.08
0208	31.619999999999997
0209	32.86
0210	33.14
0211	33.36
0212	33.074999999999996
0213	32.7
0214	32.760000000000005
0215	32.16
0216	32.019999999999996
0217	32.24
0218	32.3
0219	33.379999999999995
0220	34.480000000000004
0221	33.440000000000005
0222	33.8
0223	33.25
0224	33.14
0225	33.1
0226	32.54
0227	33.08
0228	33.349999999999994
0229	31.8
0301	33.980000000000004
0302	34.160000000000004
0303	34.64
0304	34.24
0305	33.720000000000006
0306	33.4
0307	34.32
0308	32.78000000000001
0309	32.660000000000004
0310	32.61999999999999
0311	33.160000000000004
0312	33.879999999999995
0313	34.160000000000004
0314	33.34
0315	34.16
0316	33.720000000000006
0317	33.279999999999994
0318	33.42
0319	33.44
0320	33.18
0321	33.260000000000005
0322	33.11999999999999
0323	32.72
0324	33.18000000000001
0325	33.32000000000001
0326	33.14
0327	33.17999999999999
0328	33.019999999999996
0329	33.2
0330	33.480000000000004
0331	33.239999999999995
0401	33.2
0402	33.739999999999995
0403	33.739999999999995
0404	33.68
0405	33.620000000000005
0406	33.42
0407	33.6
0408	33.5
0409	33.62
0410	33.980000000000004
0411	33.94
0412	33.92
0413	33.9
0414	33.7
0415	34.42
0416	34.14
0417	34.18000000000001
0418	34.12
0419	34.17999999999999
0420	34.059999999999995
0421	34.0
0422	34.379999999999995
0423	34.0
0424	34.1
0425	34.18
0426	34.88
0427	34.620000000000005
0428	34.239999999999995
0429	34.04
0430	33.64
0501	34.58
0502	34.42
0503	34.17999999999999
0504	34.12
0505	34.239999999999995
0506	34.36
0507	34.62
0508	34.86
0509	34.220000000000006
0510	34.275
0511	34.44
0512	34.3
0513	34.28
0514	34.08
0515	34.17999999999999
0516	34.38
0517	34.52
0518	34.160000000000004
0519	34.7
0520	34.0
0521	34.3
0522	33.06
0523	34.4
0524	34.540000000000006
0525	34.92
0526	34.760000000000005
0527	34.68
0528	33.95
0529	34.099999999999994
0530	34.480000000000004
0531	33.825
0601	33.019999999999996
0602	33.6
0603	33.3
0604	32.84000000000001
0605	31.3
0606	30.560000000000002
0607	30.660000000000004
0608	31.26
0609	31.825
0610	32.025
0611	31.724999999999998
0612	32.075
0613	30.724999999999998
0614	30.26
0615	29.0
0616	29.675
0617	28.8
0618	29.8
0619	30.72
0620	30.720000000000006
0621	30.74
0622	30.619999999999997
0623	30.839999999999996
0624	30.54
0625	29.880000000000003
0626	28.660000000000004
0627	29.860000000000003
0628	30.160000000000004
0629	30.660000000000004
0630	29.78
0701	29.619999999999997
0702	27.15
0703	27.86666666666667
0704	29.7
0705	29.359999999999996
0706	27.959999999999997
0707	28.78
0708	29.02
0709	29.5
0710	30.299999999999997
0711	29.72
0712	29.560000000000002
0713	29.4
0714	29.4
0715	28.98
0716	28.7
0717	27.74
0718	28.259999999999998
0719	29.360000000000003
0720	29.325
0721	29.160000000000004
0722	29.2
0723	29.5
0724	29.419999999999998
0725	29.24
0726	29.860000000000003
0727	29.025
0728	29.24
0729	29.1
0730	29.5
0731	29.25
0801	30.76
0802	29.8
0803	29.625
0804	30.419999999999998
0805	30.579999999999995
0806	30.360000000000003
0807	30.3
0808	30.560000000000002
0809	30.619999999999997
0810	30.3
0811	30.419999999999998
0812	30.559999999999995
0813	30.179999999999996
0814	29.974999999999998
0815	30.72
0816	30.32
0817	29.159999999999997
0818	29.139999999999997
0819	29.7
0820	29.479999999999997
0821	29.9
0822	29.8
0823	29.55
0824	28.924999999999997
0825	29.26
0826	28.259999999999998
0827	29.139999999999997
0828	29.639999999999997
0829	28.919999999999998
0830	29.6
0831	28.78
0901	29.8
0902	30.1
0903	29.32
0904	29.28
0905	29.52
0906	29.880000000000003
0907	29.24
0908	30.549999999999997
0909	30.775
0910	30.24
0911	30.160000000000004
0912	30.7
0913	30.820000000000004
0914	30.9
0915	30.54
0916	30.859999999999996
0917	30.02
0918	29.840000000000003
0919	29.679999999999996
0920	30.079999999999995
0921	30.619999999999997
0922	30.359999999999996
0923	31.119999999999997
0924	30.619999999999997
0925	31.04
0926	31.379999999999995
0927	31.259999999999998
0928	31.619999999999997
0929	30.78
0930	30.26
1001	30.78
1002	30.839999999999996
1003	29.96
1004	30.080000000000002
1005	30.439999999999998
1006	31.459999999999997
1007	31.52
1008	31.419999999999998
1009	31.580000000000002
1010	31.640000000000004
1011	31.7
1012	32.239999999999995
1013	32.38
1014	32.17999999999999
1015	32.36
1016	31.880000000000003
1017	31.9
1018	32.52
1019	32.67999999999999
1020	32.019999999999996
1021	32.480000000000004
1022	32.980000000000004
1023	32.8
1024	33.260000000000005
1025	33.6
1026	32.9
1027	33.64
1028	33.44
1029	33.5
1030	33.36
1031	33.14
1101	32.86
1102	32.925
1103	32.96
1104	33.6
1105	33.28
1106	33.34
1107	33.379999999999995
1108	32.4
1109	32.45
1110	32.339999999999996
1111	32.32
1112	32.06
1113	32.82000000000001
1114	33.4
1115	32.980000000000004
1116	32.625
1117	33.06
1118	33.339999999999996
1119	33.575
1120	33.54
1121	32.839999999999996
1122	33.6
1123	32.875
1124	33.58
1125	33.779999999999994
1126	33.220000000000006
1127	33.96
1128	33.67999999999999
1129	33.339999999999996
1130	33.26
1201	33.28
1202	33.2
1203	33.9
1204	33.54
1205	33.6
1206	33.720000000000006
1207	33.76
1208	32.85
1209	33.05
1210	31.775
1211	32.55
1212	32.519999999999996
1213	33.0
1214	32.82
1215	33.739999999999995
1216	34.04
1217	33.879999999999995
1218	33.44
1219	33.3
1220	33.86
1221	33.275
1222	33.480000000000004
1223	33.2
1224	32.699999999999996
1225	33.56
1226	32.760000000000005
1227	32.4
1228	31.82
1229	32.18
1230	32.36
1231	32.739999999999995
